camera_info:
  rgb: 
    width: 640
    height: 480
    k00: 611.159729
    k02: 323.445556
    k11: 609.638977
    k12: 244.943511
    k22: 1.0 
  depth: 
    width: 640
    height: 480
    k00: 611.159729
    k02: 323.445556
    k11: 609.638977
    k12: 244.943511
    k22: 1.0 